0
2.6644
3.86597
4.39497
5.70342
7.42222
9.14336
10.7684
12.5559
14.3716
16.0727
18.0372
19.9746
22.0262
23.6084
25.461
27.2076
29.1965
31.0185
32.9412
34.9382
36.964
38.964
40.665
43.0765
44.9198
47.4718
48.6648
50.5034
52.4404
55.2392
57.1592
58.96
61.0733
62.9024
65.123
66.8903
69.4862
71.5707
72.868
75.0146
77.0104
79.3998
81.3173
83.2676
85.9294
87.5608
89.9122
91.4074
94.1417
96.1198
98.0032
99.5048
102.439
106.97
106.227
108.959
110.945
112.506
114.88
116.794
118.607
120.483
123.549
125.594
128.369
129.574
131.617
135.382
135.93
138.264
140.665
142.765
144.768
147.332
147.738
151.566
152.873
154.492
159.188
160.174
161.827
163.901
166.982
172.871
171.145
172.24
175.346
177.528
180.043
180.656
184.089
188.058
187.146
190.689
194.634
196.906
197.378
200.1
202.947
