0
1.33892
2.89331
4.52529
6.19424
7.88242
9.56323
11.3922
13.0977
15.0016
16.8304
18.629
20.6687
22.464
24.5058
26.4452
28.3261
30.3116
32.3464
34.007
36.184
37.967
40.384
42.4925
44.3782
46.4258
48.3178
50.1946
52.247
54.6276
56.22
58.3542
60.9354
62.7408
64.3771
66.1648
68.7594
70.7477
72.2525
74.4858
76.6826
78.9315
80.7708
82.8096
84.787
86.5319
89.143
91.5674
92.8288
95.6335
97.3107
99.403
101.389
103.634
105.137
107.268
109.161
112.531
115.091
115.443
118.807
120.751
123.352
124.113
127.216
130.387
131.011
137.77
134.994
138.055
140.238
142.008
143.195
146.893
149.056
157.084
154.305
155.224
157.523
159.393
161.853
166.761
166.359
168.44
170.559
180.112
178.07
177.443
178.376
179.96
183.492
186.237
187.996
190.107
193.031
196.295
197.736
199.609
201.683
205.041
