0
1.26201
2.70679
4.24746
5.87383
7.52002
9.21963
10.885
12.5536
14.2932
15.9792
17.7078
19.5158
21.3084
23.136
25.0582
26.9368
28.7346
30.4931
32.4416
34.252
36.09
38.0174
40.1127
41.8722
43.8452
45.6931
47.8292
49.848
51.4839
53.5206
55.6946
57.473
59.79
61.3726
63.3272
65.4522
67.3505
69.1882
71.0757
73.1864
75.3748
76.923
78.9208
81.3186
82.7255
85.147
87.1347
88.8267
91.1201
93.133
94.4877
97.101
98.7594
100.848
103.065
105.046
107.173
108.823
110.905
112.977
115.488
117.417
119.604
121.47
123.213
125.285
126.977
129.332
130.825
133.669
135.91
137.621
139.824
142.191
143.908
146.071
148.08
150.711
152.698
154.724
156.991
158.571
160.324
162.831
165.354
167.665
169.795
171.191
173.88
175.757
178.028
180.222
181.638
184.774
185.989
189.39
190.66
192.92
195.264
