0
1.36675
2.93145
4.56025
6.30063
8.12378
9.88071
11.8225
13.6447
15.3351
17.2366
19.0322
20.9122
22.7948
24.5508
26.811
28.9992
30.7312
32.8548
34.9784
36.9822
38.8608
40.6698
49.0732
45.7764
47.1582
48.9446
50.9018
54.3432
67.3975
72.4194
60.0546
61.505
66.8574
66.4656
67.8713
73.8203
72.6486
74.3114
76.7718
78.3038
80.5333
83.6004
85.3505
87.7604
89.3264
91.2025
94.467
96.2104
98.7148
100.21
102.961
105.361
106.179
108.933
112.01
114.293
115.881
117.889
120.569
122.755
124.765
128.04
128.667
131.362
132.93
135.882
137.314
145.843
143.656
142.878
146.696
148.583
150.881
151.919
155.416
158.035
159.435
162.03
164.077
167.364
167.632
169.593
171.499
176.17
181.171
181.468
184.235
186.297
186.156
188.051
193.882
202.153
196.026
197.949
199.483
202.35
203.965
207.081
207.93
