0
1.22471
2.66235
4.09238
5.66558
7.2854
8.98042
10.5746
12.2286
13.8966
15.6492
17.3042
19.0082
20.6899
22.3706
24.121
25.9114
27.6944
29.485
31.2579
33.1052
34.8156
36.8411
38.6
40.5223
42.3204
44.184
45.9012
47.981
49.8555
51.7
53.6164
55.6268
57.4833
59.4479
61.3616
63.2488
65.3648
67.1366
69.0936
71.1642
73.04
74.9368
76.9048
78.9253
81.0156
82.8518
84.4668
86.7684
88.5384
90.9106
92.6258
94.4054
96.5664
98.6624
100.386
102.405
104.103
106.423
108.486
110.571
112.166
114.484
116.353
118.329
119.737
122.348
123.749
126.063
128.365
129.662
132.467
134.169
136.162
138.038
140.56
142.049
143.632
147.21
148.16
150.051
152.672
155.369
156.302
158.38
160.556
162.109
164.786
167.038
168.489
171.064
172.345
174.57
177.359
178.367
180.632
182.89
184.879
187.202
189.226
