0
1.29565
2.86157
4.40693
6.04497
7.82783
9.53286
11.3665
13.0587
14.7958
16.6004
18.5248
20.4136
22.1502
24.0085
25.9444
27.893
29.7346
31.4487
33.2612
35.2068
37.0082
39.0915
40.8578
43.068
44.7844
46.8878
48.8079
50.5544
52.5562
54.5538
56.526
58.8756
60.7159
62.5725
64.8448
66.5774
68.3652
71.0276
73.0328
74.9464
76.8589
79.6614
80.9142
83.5613
85.1873
86.8476
91.989
92.5825
93.8846
95.5596
97.372
99.518
102.106
106.03
106.093
109.374
115.664
113.059
115.623
116.349
118.636
120.903
123.548
125.191
127.509
129.278
131.281
133.579
136.556
138.288
141.745
141.839
144.468
147.176
148.803
151.302
153.195
158.224
157.578
159.596
162.196
164.115
166.798
169.274
172.517
172.41
181.346
176.539
179.7
182.479
184.062
185.015
187.89
191.965
201.058
197.88
196.384
199.73
210.211
