0.000195313
1.1874
2.59639
4.02803
5.51177
7.09258
8.68838
10.3374
11.9635
13.9451
15.372
16.9565
18.689
20.4192
22.1232
23.7799
25.3832
27.1621
28.973
30.7528
32.557
34.3983
36.2517
37.9941
39.791
41.6292
43.4562
45.3016
47.3186
49.2818
50.8594
52.8176
54.571
56.7145
58.6493
60.5147
62.4937
64.3912
65.9726
68.0394
69.4931
71.4379
73.3226
75.3291
76.9542
78.7938
81.1364
82.31
84.5653
87.0113
88.231
90.287
92.3579
94.3061
97.0328
97.6795
100.114
101.544
103.713
105.755
107.853
110.059
111.639
116.064
115.808
130.614
119.061
121.5
123.861
125.367
127.681
129.315
131.421
133.537
135.334
137.705
139.441
141.235
143.092
145.345
148.407
150.098
151.46
153.429
155.673
157.974
161.654
162.207
165.923
165.42
167.949
170.435
171.962
173.437
175.817
177.587
180.341
182.027
184.235
186.054
