0
1.18765
2.54556
4.02837
5.55156
7.06206
8.68887
10.3166
11.9514
13.7052
15.2834
16.9844
18.6392
20.492
22.1168
23.8173
25.6339
27.8913
29.2563
30.9921
32.802
34.6674
36.5027
38.4116
39.9839
41.6594
43.769
45.7718
47.396
49.2397
51.288
52.7904
54.3588
56.9396
58.1938
60.279
62.2246
63.7863
65.8636
68.1149
69.8472
71.6986
73.9206
78.433
77.6276
79.3587
82.4637
83.1372
85.3694
86.8763
88.958
90.7165
92.6734
95.3064
96.3428
100.354
100.79
102.333
104.599
106.32
109.211
110.698
112.557
114.796
117.126
119.23
120.906
122.25
125.067
125.84
129.457
130.763
132.622
140.033
136.948
139.423
140.429
142.95
149.83
153
148.845
150.902
153.123
155.482
156.452
159.028
161.452
162.92
165.073
167.081
169.494
177.692
173.859
175.031
176.181
178.664
181.418
182.517
185.178
190.218
