0.000195313
1.42939
3.0498
4.7272
6.42021
8.40972
10.3338
12.2479
14.2115
16.146
18.1626
19.9388
21.8258
24
26.0207
28.2033
29.7214
31.7414
34.0168
35.6626
38.0564
40.0944
42.0353
44.6126
46.7142
48.64
50.8176
51.9829
55.3846
57.4392
58.2788
61.1954
63.8346
65.0173
67.6138
70.0528
71.4207
74.2416
77.1394
78.2022
80.8912
82.8092
85.3034
87.8034
89.1956
92.3128
94.1151
96.1914
99.0505
100.845
103.274
106.176
107.786
110.664
112.371
114.726
116.927
119.013
120.323
123.376
125.317
128.235
130.209
132.463
134.975
138.018
139.61
142.12
143.811
146.183
149.899
150.627
153.76
155.513
158.72
159.595
162.747
162.92
169.242
169.735
170.886
172.934
176.557
180.992
181.316
182.505
187.325
186.9
189.536
194.097
194.256
197.032
198.958
201.07
205.445
208.477
208.77
218.208
216.815
215.85
