0.000195313
1.20181
2.62202
4.05098
5.54243
7.1231
8.73042
10.3578
11.9821
13.6328
15.257
16.8976
18.6296
20.2366
21.964
23.6116
25.443
27.1643
28.8968
30.751
32.4028
34.3838
36.1142
37.8548
39.7385
41.9686
43.384
45.1378
47.3039
49.0125
50.9767
54.1668
55.9225
57.028
58.5178
60.3618
62.1728
64.0702
65.9854
67.5246
69.5484
71.3202
73.0523
74.73
76.77
78.536
80.7974
82.461
84.6219
86.3355
88.1152
89.8446
91.9239
94.0864
95.9386
97.5516
99.7296
101.565
103.702
105.772
107.267
109.646
112.034
113.092
115.219
116.957
119.262
120.65
123.258
125.213
127.049
128.984
130.912
132.751
134.67
137.282
138.668
140.98
142.412
145.138
146.399
148.94
151.16
153.131
154.628
157.233
159.188
162.28
163.438
165.658
166.899
168.925
171.296
173.607
175.539
176.98
178.999
181.825
183.39
185.854
