0
1.24375
2.59746
3.9644
5.49004
6.92275
8.40161
9.95581
11.4958
13.046
14.4372
16.1317
17.7049
19.163
20.6474
22.3226
23.9008
25.5748
27.1957
28.8633
30.7547
32.296
33.9908
35.636
37.0961
38.6561
40.3561
41.997
44.009
45.3345
47.0112
48.8246
50.4362
52.5162
54.0151
55.9628
57.3036
59.1536
60.5843
62.6553
64.2412
66.1014
67.1994
69.4001
71.0052
73.2256
74.5546
76.1914
78.0892
79.832
81.391
83.6552
85.0286
86.6962
88.9831
90.7884
92.388
94.2598
96.5986
98.5785
99.4446
102.186
103.341
105.011
106.302
109.009
110.648
112.583
113.646
114.831
117.55
120.289
120.773
124.916
125.472
125.732
128.013
130.136
131.449
132.954
135.482
138.739
140.277
141.565
143.684
146.001
145.545
147.062
148.708
150.087
151.813
154.501
159.244
158.484
161.077
163.182
164.122
165.499
167.995
166.821
