0
0.840527
1.8543
2.84326
4.02104
5.04458
6.15547
7.37583
8.47241
9.65581
10.7698
12.0062
13.2625
14.3119
15.616
16.831
17.9986
19.3384
20.5514
21.8694
23.5056
24.54
26.3386
27.5984
28.569
29.6488
30.8754
32.2244
33.4464
34.6667
36.0138
37.3342
38.3844
40.3226
41.2519
43.1052
44.1632
45.2864
46.7998
48.0921
49.9498
50.9832
51.9033
53.3048
54.7584
56.7662
57.8202
58.9776
60.3505
61.4822
62.6862
65.6783
65.5654
67.3547
70.6806
69.8037
72.3709
72.65
74.6964
75.1649
76.9204
77.8631
79.5987
82.7098
82.849
84.4032
85.3634
86.3477
88.3922
91.1796
91.0516
94.973
93.3617
95.4812
99.8061
98.91
99.5641
102.05
102.652
103.589
111.427
106.207
110.329
110.341
111.967
113.034
117.721
116.875
118.18
120.374
122.778
122.865
123.518
123.898
126.145
130.009
129.332
130.979
135.174
132.682
