0.0012207
0.0819336
0.165186
0.245312
0.326367
0.413232
0.508252
0.574414
0.652832
0.721484
0.787598
0.872754
0.959619
1.03262
1.14663
1.19014
1.26577
1.3376
1.43599
1.51494
1.57788
1.65435
1.73042
1.8064
1.89219
1.9646
2.04038
2.14116
2.21963
2.27876
2.35439
2.44287
2.51924
2.59946
2.67021
2.74619
2.83052
2.90786
2.98481
3.071
3.14717
3.23535
3.31025
3.41597
3.45298
3.54116
3.63018
3.7022
3.77085
3.86133
3.95024
4.00142
4.0874
4.40029
4.34063
4.32271
4.43076
4.54502
4.55601
4.68623
4.74404
4.79243
4.87637
4.94536
5.03994
5.13179
5.19395
5.24819
5.46821
5.42119
5.52056
5.61475
5.69229
5.76597
5.8478
5.93701
6.03838
6.10869
6.16938
6.2438
6.36509
6.43379
6.52407
6.67534
6.68657
6.82466
6.84077
7.06001
7.02861
7.17544
7.20859
7.26206
7.39722
7.47759
7.58252
7.79199
7.93438
7.87129
7.91787
7.98423
