0.0646484
0.796826
1.68726
2.59424
3.5416
4.52759
5.56904
6.69819
7.64263
8.53252
9.54438
10.5244
11.5656
12.6335
13.879
14.8342
15.8238
16.9436
17.919
18.9804
20.1919
21.1825
22.2412
23.4988
24.4799
25.6051
26.7302
28.3431
29.3672
30.3502
31.3537
32.4413
33.4864
34.7385
35.7205
36.771
37.8914
39.0355
40.165
41.2874
42.6608
43.7582
44.773
45.962
47.063
48.1938
49.5272
50.5637
51.6909
52.9035
54.0828
55.3135
56.4538
58.8937
59.8046
60.8179
61.8725
62.837
64.1391
65.1966
66.1667
67.1645
68.2834
69.4062
70.5672
71.712
73.0838
74.1514
75.2188
76.333
77.4618
78.5708
79.7952
80.9511
82.1614
83.3152
84.5459
85.7141
87.1794
89.2426
89.7504
91.1412
91.9836
93.1546
94.3147
95.4902
96.7012
97.8946
99.1718
100.298
101.435
102.837
104.2
105.263
106.558
107.657
108.906
110.423
111.299
112.658
