0
1.47002
2.27139
2.47769
2.85747
3.52466
4.31577
5.08037
5.87466
6.6606
7.61572
8.39961
9.44224
10.3514
10.9641
11.8214
12.73
13.5873
14.6335
15.388
16.1978
17.3276
18.5294
19.0708
19.9657
20.8902
21.8816
22.702
23.9336
24.6354
25.5605
26.5702
28.2316
28.2098
29.1752
30.4165
31.4394
32.1238
33.2711
34.3542
35.11
35.859
37.7941
37.8182
38.9359
40.1112
41.0936
42.0637
42.9854
43.889
44.9962
46.5082
47.0941
48.024
49.0764
49.7875
50.8384
51.8633
52.6234
54.1728
55.1031
56.0522
57.1368
58.0248
58.7101
60.1359
61.438
62.1048
63.4741
64.0544
65.1998
65.8254
67.1658
68.0874
69.3912
70.122
71.3108
72.2907
73.5579
74.8187
75.5576
76.3184
77.5796
78.7952
79.7979
81.2348
81.9342
82.8081
83.8937
84.7306
85.8002
86.8918
87.7822
89.3184
89.9064
90.7232
91.731
93.1626
94.5232
95.4006
