0
0.971484
2.15176
3.41304
4.8104
6.15879
7.41265
8.79541
10.3786
11.845
13.3521
15.0952
16.6394
18.0004
19.6665
21.4948
22.74
24.9268
26.135
28.0234
29.8782
31.1276
33.025
34.7406
36.793
38.2268
39.3833
41.5621
43.2961
45.2618
46.8008
48.8806
50.7744
52.7274
54.0909
56.3073
58.6711
60.5692
62.0567
64.8624
66.0824
67.8126
69.638
70.832
72.5448
74.279
75.489
78.3628
80.6917
82.4503
84.4481
85.8129
87.7284
90.6163
92.6046
92.8335
96.8969
97.241
101.414
101.47
105.757
106.463
107.147
110.315
112.397
113.892
116.124
119.618
120.692
123.463
122.792
126.992
127.758
130.2
132.642
131.924
136.275
138.006
139.534
140.594
142.593
147.191
147.123
148.784
152.337
153.783
156.719
158.956
160.77
165.393
164.335
168.786
171.49
170.923
173.547
178.476
179.087
179.782
181.929
185.083
