0.000195313
1.40996
2.79546
3.29316
3.94102
4.98662
6.09546
7.38486
8.43555
9.69463
10.8918
12.2373
13.6026
14.8812
16.1834
17.4506
18.9408
21.6128
21.6204
23.0928
24.5491
25.7864
27.2274
28.7278
29.6792
31.2874
32.8241
34.061
35.4988
36.5417
38.2166
39.4452
40.6197
42.5086
43.7694
45.7348
46.981
48.3582
49.388
51.1314
52.9647
54.188
55.3268
56.9414
58.4437
60.1476
61.4388
62.5618
64.2822
65.8172
67.1803
69.0452
69.7978
71.0946
73.1338
74.1259
75.3875
76.9352
79.0188
80.0045
81.7088
82.2667
84.2566
84.849
87.1555
89.1782
90.2468
91.5362
93.6208
93.957
95.9608
98.3932
98.2511
101.057
102.962
103.959
106.02
107.937
108.988
109.884
112.346
112.657
114.515
116.576
117.821
119.773
120.511
122.943
124.652
125.748
126.414
129.809
131.276
131.369
133.625
134.628
136.712
138.023
139.5
140.17
