0
1.08955
2.44541
3.80298
5.2835
6.6356
8.13394
9.68101
11.2862
12.7494
14.1645
15.8218
17.4617
18.877
20.2777
21.9695
23.2086
25.0979
26.806
28.5251
30.356
31.6754
33.4278
35.2238
36.5254
38.2119
39.9538
41.7286
43.4358
44.906
46.9504
48.0755
49.6916
51.7237
53.2188
55.2833
56.8512
58.3222
59.8484
60.9644
64.3039
65.5592
66.705
68.4514
70.6104
72.4353
74.1074
75.7009
77.5164
78.9
79.9502
82.5904
84.0854
85.9882
88.0687
90.9548
90.9726
96.6066
95.1741
97.2179
98.9044
99.8202
102.491
102.782
103.954
106.299
108.226
110.351
111.237
112.95
116.362
118.144
118.308
120.822
123.22
123.858
126.708
127.044
129.668
131.771
133.54
134.047
135.979
138.027
140.71
142.026
144.088
145.628
148.489
148.96
150.154
153.554
154.944
155.6
159.16
158.812
161.642
163.88
165.431
166.534
