0
0.915234
1.99922
3.12383
4.51558
5.67759
6.83755
8.23374
9.48228
10.7977
12.151
13.4
14.7531
15.9912
17.3754
18.6866
20.149
21.44
22.7787
24.2368
25.8036
27.2402
28.5984
30.173
31.3845
32.842
34.3602
35.8432
37.2752
38.5002
40.6106
41.2288
42.5577
44.6066
45.8519
47.6654
49.0465
50.3984
51.4857
53.2895
55.0554
56.6068
57.407
59.2122
60.5516
62.3095
63.6452
64.847
66.7428
67.9514
69.5504
71.4158
72.6946
74.5654
76.2191
78.123
78.6597
80.6621
82.68
83.4628
84.916
86.5122
88.5277
88.9106
90.8857
93.281
94.8784
96.6086
97.8032
98.249
101.259
103.412
104.539
106.621
107.937
108.688
110.126
112.732
113.465
115.493
117.495
118.793
120.895
122.596
124.322
125.456
127.564
131.1
130.734
133.05
133.388
135.298
137.654
138.163
140.395
141.352
142.743
145.599
146.543
147.229
