0
0.86582
1.96816
3.08633
4.33403
5.48379
6.66099
7.95522
9.20356
10.501
12.3494
12.9871
14.3055
15.4932
16.7932
18.1102
19.5322
20.8566
22.1459
23.5269
24.9264
26.3915
27.7492
29.3037
30.2192
32.389
33.0585
34.688
36.0768
37.231
38.7576
40.2584
41.1444
42.7687
44.1729
45.8156
47.1252
49.0167
50.147
51.093
52.6809
53.8072
58.7167
57.1712
59.4848
60.6744
61.3438
62.7718
64.2586
65.6826
67.2499
68.831
70.184
71.3141
72.7818
74.9068
75.7384
77.2311
78.9912
80.215
81.9026
82.9864
84.9414
84.9034
87.5339
89.8064
90.7642
92.3378
93.915
94.2646
96.5425
98.4527
98.8913
101.01
102.565
103.304
105.468
107.167
108.541
110.043
112.061
113.61
114.415
116.205
118.531
121.916
121.661
123.324
124.053
125.358
126.495
129.093
131.003
131.156
133.618
134.586
135.305
138.837
138.912
140.903
