0.000195313
2.51318
3.50527
4.11909
5.13774
6.55464
8.03203
9.53867
10.8222
12.5799
13.9176
15.5506
16.9106
18.411
20.0229
21.6026
23.4445
25.1252
26.5504
27.9804
29.6198
31.3598
32.8753
34.708
36.3288
37.8375
39.6454
41.4762
43.0347
44.7801
46.3242
47.9634
49.3767
51.3658
53.1902
55.5064
56.7068
58.3419
60.1314
61.6526
64.2006
65.3707
67.305
69.3474
71.5327
73.9435
75.354
76.8272
78.1573
80.318
82.1134
83.8844
85.9122
87.1401
90.0156
90.2646
92.9591
94.4924
96.8876
98.3168
99.8379
101.442
103.287
105.059
108.492
109.655
110.727
113.446
116.142
115.951
118.75
120.79
121.2
125.403
126.251
127.244
130.052
131.826
133.065
134.821
136.718
139.322
141.302
143.244
143.705
145.384
145.413
148.916
149.416
152.754
152.277
157.899
158.808
158.068
163.37
162.518
163.527
167.576
169.236
169.226
