0
1.83423
2.68325
3.3021
3.98057
5.00303
6.1064
7.27466
8.37559
9.65923
10.7044
12.0066
13.4202
14.5706
15.7638
17.1158
18.4686
19.6394
20.9411
22.3824
23.7734
25.1688
26.5246
28.1112
29.0684
30.4552
31.9205
33.6023
34.8266
36.156
37.5576
38.8756
40.1504
41.8989
43.0198
45.1308
46.1232
47.4883
48.788
50.2822
51.9333
53.2096
54.3894
55.8146
57.723
59.1868
60.8332
61.9892
63.529
64.5157
66.2594
68.0713
68.9945
70.4499
72.2412
73.4126
75.2156
77.41
78.8523
80.3386
81.9192
82.9826
85.0472
84.7292
87.5148
89.7192
90.5653
92.322
93.7317
93.9619
97.1457
98.2784
98.8994
101.55
102.876
103.899
105.407
106.94
108.745
110.057
112.065
113.479
114.71
116.492
118.12
120.38
121.245
124.567
125.645
125.923
127.211
130.224
132.018
132.242
134.071
135.204
137.219
139.607
140.833
141.368
