0
0.848584
1.93066
2.99902
4.2439
5.35322
6.52012
8.275
9.02275
10.3012
11.5012
12.814
14.1689
15.3566
16.6225
18.0098
19.3313
20.597
21.8246
23.2133
24.7658
26.0492
27.427
28.9505
30.0446
31.4834
32.9403
34.5857
35.9359
37.0062
38.6271
39.7916
40.9412
42.734
44.0565
46.1344
47.1996
48.41
49.5818
51.2194
52.9326
54.1614
55.0105
56.9448
59.4218
60.6194
61.117
62.8924
64.2262
65.5538
66.9389
68.6143
69.7643
71.8516
72.996
74.5565
75.8838
77.693
79.3672
81.0555
81.9808
82.8248
85.234
85.5096
87.8434
90.1186
91.2937
92.4068
94.0092
94.1778
96.958
98.7386
99.0024
101.634
102.914
104.177
106.206
108.245
109.42
110.043
112.268
113.434
113.871
116.122
117.699
119.56
120.92
122.285
125.155
125.1
125.903
129.027
130.296
130.527
133.046
134.633
135.523
137.883
138.253
139.235
