0
1.09644
2.3998
3.70859
5.09849
6.39019
7.80464
9.23105
10.7554
12.2104
13.6474
15.1002
16.5824
18.1931
19.4504
21.0921
23.0858
24.5558
25.4322
27.4942
28.9656
30.5639
32.2788
33.7854
35.1584
37.0242
38.2371
40.1152
41.6435
43.0099
44.8358
46.2926
48.0112
49.4439
51.3979
53.3562
54.3372
56.0548
57.5854
58.803
61.2833
62.2896
64.4306
65.6758
67.3406
70.0572
70.376
72.6114
73.9639
76.2454
77.3604
79.4926
80.9248
82.6596
86.7406
86.4652
86.8192
91.2108
91.7323
93.075
95.3401
95.7307
97.6088
97.3068
100.618
102.201
103.124
105.703
107.051
106.887
110.746
112.122
112.373
115.631
117.812
117.681
119.875
122.223
124.196
125.99
127.586
128.875
130.679
132.026
134.69
136.889
136.515
139.042
142.137
142.159
142.564
146.14
147.959
148.13
151.288
152.462
154.015
155.739
157.245
158.138
