0
1.03862
2.24702
3.50845
4.90903
6.11797
7.39116
8.82964
10.1812
11.562
12.807
14.3027
15.7729
17.0344
18.6386
20.1028
21.3954
22.8944
24.4453
26.0262
27.4871
28.8239
30.666
31.939
33.5431
34.5271
36.296
37.9818
39.3202
40.8142
42.1468
44.0921
45.2996
46.8874
48.2247
50.5016
52.1682
53.007
54.9546
56.0679
58.2496
59.309
60.6532
62.5836
63.9405
66.0539
68.5836
72.7436
71.3165
72.1156
74.0434
76.3732
76.6942
78.2956
80.0605
81.8028
82.6824
85.6079
87.3211
88.2014
89.907
90.7254
92.9226
93.6583
95.8354
98.1366
99.1987
100.91
101.553
102.065
107.431
108.247
108.594
111.236
112.361
113.141
114.599
116.655
117.541
120.437
120.5
120.992
127.79
124.536
125.2
127.799
130.156
131.551
133.348
133.846
136.685
138.901
141.233
140.606
143.244
144.269
145.718
148.605
149.512
149.659
