0
0.91123
2.02539
3.15659
4.42021
5.53276
6.76997
8.0521
9.38838
10.7933
11.9722
13.2694
14.6087
15.8714
17.2248
18.5073
20.045
21.2124
22.6771
24.2354
25.5892
27.6414
28.4628
30.0875
31.2106
32.4374
34.2112
35.1835
36.777
38.1967
39.8198
40.8202
42.0986
43.8657
45.3224
47.044
48.3622
50.1816
50.7348
52.203
54.283
55.6961
56.3366
58.4066
60.1607
62.0962
63.1499
64.6867
66.1382
67.3148
68.6398
70.4417
72.2434
73.2186
75.8202
77.0636
77.7734
79.5521
81.6725
82.5793
84.0984
85.5681
87.0676
87.6755
90.0504
91.5009
93.833
94.6608
95.9912
96.5896
98.2559
100.599
101.368
104.086
105.844
106.423
108.834
110.374
111.712
112.83
119.842
115.484
116.722
118.649
120.335
121.422
122.96
123.023
125.496
128.044
128.948
131.471
133.464
133.675
136.977
137.778
138.203
141.229
142.548
144.606
