0.00400391
0.212158
0.193115
0.302588
0.333398
0.368066
0.440723
0.523633
0.602979
0.696045
0.77583
0.848877
0.936719
1.01621
1.09438
1.17622
1.2498
1.33374
1.41001
1.49858
1.57578
1.6582
1.73687
1.79404
1.87856
1.96338
2.06396
2.13086
2.20898
2.27607
2.3541
2.423
2.49961
2.58882
2.66802
2.75884
2.82139
2.90908
3.00044
3.07124
3.1374
3.27646
3.31514
3.38677
3.46421
3.53965
3.60625
3.6874
3.76758
3.84785
3.93579
4.00718
4.11201
4.16812
4.22881
4.31587
4.40205
4.47124
4.54277
4.61997
4.69819
4.76602
4.85684
4.93662
5.01914
5.09238
5.16519
5.25996
5.33437
5.423
5.496
5.57656
5.67515
5.74663
5.82998
5.90752
5.99194
6.06963
6.15581
6.24399
6.31904
6.40718
6.4894
6.56421
6.66104
6.72622
6.84263
6.92124
7.01138
7.06538
7.17178
7.2688
7.50273
7.46001
7.53823
7.62441
7.71279
7.86021
7.88398
7.97319
