0
0.921191
2.6125
5.01938
7.89316
11.0238
14.3667
17.7148
21.0594
24.4476
27.5782
31.0877
33.6963
36.4249
38.9266
41.2854
43.2721
45.3116
47.0408
48.6329
50.8736
51.5801
53.3261
54.0516
55.5009
56.185
56.8889
57.7984
58.6
60.7032
60.0168
60.5768
61.3526
61.7499
62.5446
62.7554
63.2036
63.69
64.1116
64.4999
64.9788
66.257
65.7334
66.1349
66.54
70.377
68.4201
68.6884
68.9016
69.3543
70.3983
70.0376
70.3669
69.772
71.271
70.7464
70.7693
71.1146
73.0187
72.0686
72.3574
72.6344
73.0225
73.5256
73.8506
74.3807
74.9643
75.1568
75.465
76.257
76.5224
77.1258
77.3103
77.9298
78.361
79.1935
79.267
79.5904
80.1722
80.7242
81.1424
81.5316
81.7736
83.1382
82.9821
83.4958
84.0506
84.6936
85.1316
85.71
86.1004
86.9895
87.1274
87.7751
88.6688
88.908
89.413
90.0144
90.7474
91.2209
