0.0157715
0.759619
1.65239
2.60361
3.5373
4.53379
5.51323
6.62085
7.57598
8.5564
9.671
10.623
11.7002
12.7572
14.0544
15.0286
16.0091
17.0546
18.0982
19.1748
20.3734
21.408
22.4674
23.625
24.6917
25.8154
26.951
28.6354
29.5788
30.5836
31.7122
32.6948
33.7782
35.2198
35.9816
37.0966
38.2337
39.3571
40.464
41.6366
42.9891
44.0758
45.1688
46.3054
47.4154
48.5815
49.8988
50.918
52.091
53.3006
54.5127
55.6679
56.8497
59.2382
60.2278
61.2619
62.3528
63.3072
64.4678
65.8777
66.6582
67.6709
68.8296
69.9463
71.0478
72.1586
73.5872
74.7214
75.8108
76.908
78.04
79.132
80.2704
81.5658
82.8014
83.8881
85.037
86.2768
87.4801
89.3644
90.281
91.43
92.585
93.703
94.874
96.0104
97.231
98.4344
99.6573
101.053
103.057
103.168
106.12
105.813
106.936
108.233
109.436
111.093
112.069
113.346
