0.190625
1.62256
2.60518
3.01074
3.49512
4.46201
5.46479
6.52578
7.55479
8.67583
9.87339
11.006
12.0578
13.1504
14.3016
15.373
16.6949
17.9256
18.9054
20.148
21.2896
22.7908
24.3188
24.8445
25.925
27.2674
28.2721
29.5755
30.774
32.1503
33.1396
34.5186
35.6325
36.867
38.0922
39.6121
40.7418
42.2322
43.4034
44.4648
45.8328
47.4276
48.6349
49.555
57.1708
52.3304
53.399
54.9827
56.0494
57.0937
58.3694
59.5855
60.6884
62.2926
63.531
65.038
66.7981
67.5636
68.6986
69.7069
71.0906
72.543
73.842
75.2845
76.4216
77.5412
78.9968
80.4224
81.7162
83.1435
84.5293
85.6518
86.8588
88.0602
89.566
91.1184
92.4699
93.5828
94.8196
96.0736
97.5224
98.6414
100.135
101.405
102.296
103.676
105.211
106.564
108.054
109.622
111.43
115.316
113.147
114.622
116.167
119.292
118.368
119.934
120.741
122.256
