0
0.885156
1.93599
3.02114
4.14263
5.27354
6.47715
7.65889
9.00542
10.1346
11.3244
12.8007
13.8796
15.242
17.0979
17.8182
18.9833
20.3224
21.6428
23.1096
24.2692
25.8572
26.7569
28.3224
29.7664
31.2482
32.3064
34.1172
35.0248
36.4144
37.6748
39.2374
40.7476
44.2076
45.0458
44.8842
46.1463
47.6105
49.4122
49.9145
52.328
53.3911
55.1688
56.6188
57.7029
59.0282
59.8634
62.4296
63.0102
64.664
66.3046
67.0297
69.3141
70.2618
72.0908
73.8608
74.3229
76.2858
77.1796
78.942
80.4315
81.917
83.7941
85.255
86.2679
87.2249
88.4917
90.4957
91.6012
92.9136
95.1228
96.2752
98.4498
98.5838
100.092
102.844
103.381
104.495
106.727
108.483
109.349
111.024
112.138
112.634
115.111
116.159
117.275
119.596
120.612
122.328
123.32
126.28
127.798
128.646
129.858
132.139
133.054
134.192
135.274
138.317
