0
0.887402
1.95469
3.06943
4.23057
5.35205
6.60811
7.83467
9.11484
10.3066
11.5386
12.7771
14.0606
15.342
16.5897
18.013
19.3854
20.5966
22.069
23.2772
24.5816
26.0504
28.1468
28.6094
30.2156
31.0937
32.7774
34.111
35.6693
37.091
38.5264
39.765
41.3058
43.4058
43.7942
46.1495
46.5516
48.2416
49.4892
50.8176
52.6475
53.3625
55.8991
57.3144
58.5648
59.8194
61.5155
63.288
64.4193
65.2949
66.7617
68.9099
69.6876
71.0721
72.4752
74.118
75.9842
76.7343
78.9197
80.0534
82.0716
84.451
84.6039
85.7448
87.7142
88.9314
90.266
92.2701
93.4364
94.8256
96.6805
97.9172
99.6646
101.685
103.159
104.145
106.197
107.925
108.326
110.481
111.984
113.772
115.616
116.191
117.766
119.187
121.045
123.237
123.706
126.403
126.678
128.349
130.358
131.024
133.435
134.227
136.009
135.933
139
140.183
