0
0.878174
1.9186
2.97847
4.17241
5.24575
6.38823
7.62695
8.82959
10.0696
11.2782
12.5404
13.9496
15.0287
16.1882
17.5281
18.787
20.2186
21.4758
22.7149
24.2684
25.6863
26.824
28.3058
29.4023
30.8486
31.9304
33.6289
35.2373
36.1873
37.7246
38.6742
39.7814
41.5774
43.3718
44.8018
46.0722
47.3662
48.4642
49.9356
51.6318
52.8403
54.1844
55.5391
57.4942
58.5081
60.2744
61.3488
62.6345
63.6791
65.4392
67.5947
68.6406
70.0828
71.3144
72.671
74.4346
75.8913
77.2186
79.5638
80.485
81.2934
83.0763
83.762
85.5044
87.9306
88.9475
90.1994
92.132
92.0552
94.0418
96.6172
96.5591
98.7838
100.16
101.321
102.951
104.38
105.339
106.696
109.499
110.839
112.192
112.849
113.663
116.206
117.486
119.066
119.929
121.641
122.048
125.755
127.676
127.258
129.403
130.085
131.494
133.362
134.223
136.41
