0.000195313
1.69121
2.49087
3.3022
4.16743
5.39199
6.60845
7.85796
9.2833
10.3824
11.7894
13.0786
14.3917
15.5331
16.8738
18.221
19.2626
20.9091
26.1291
23.4115
24.9162
26.1171
27.5774
28.8331
30.0065
31.4868
32.5771
34.3895
35.654
36.8126
38.2564
39.7933
41.1066
42.785
43.8136
45.3381
46.728
48.714
49.6044
51.6935
52.8092
53.6392
56.1624
57.0628
57.8674
59.2974
61.2262
63.8768
63.4597
65.7381
66.6452
67.8256
69.0223
74.996
72.9348
73.8378
76.0312
78.9378
78.6814
80.2537
80.8884
82.917
84.2842
85.7889
86.8774
88.4472
91.0866
93.0454
93.4087
95.4324
96.8166
98.7382
99.6028
101.05
103.28
104.223
105.872
106.665
109.785
110.482
111.565
114.084
116.202
116.544
117.469
120.062
122.213
123.641
124.15
126.916
126.564
129.385
131.172
132.353
134.34
135.313
136.897
137.898
140.609
141.839
