0.000195313
1.69404
2.66777
3.14482
3.81206
4.84907
5.87412
7.05278
8.29297
9.48135
10.5634
11.8685
13.1704
14.3355
15.5978
16.8617
18.1504
19.4641
20.6001
21.8688
23.3804
24.6656
25.8346
27.4622
28.4232
29.8746
31.1032
32.6328
34.0106
35.2685
36.6985
38.1955
39.2642
41.1432
42.7534
44.6474
45.5106
46.4912
47.5379
49.469
50.8029
52.2422
53.2377
54.5766
56.4986
58.3086
59.198
60.2452
61.7238
63.7552
64.5812
66.4379
67.3068
69.6758
70.7101
71.8267
73.2531
74.4402
76.6179
77.4282
78.253
79.8025
81.7088
85.1516
84.9886
86.8811
87.852
89.3573
89.8888
90.9378
95.6371
95.8824
96.3566
98.3578
99.465
100.236
101.465
103.297
104.124
105.317
109.545
110.188
111.775
113.041
114.857
116.894
118.437
120.204
122.454
122.952
123.233
125.292
126.446
127.973
128.095
129.696
129.678
132.827
133.368
134.532
