0
1.93335
3.17896
3.50889
4.09287
5.23203
6.43188
7.54722
8.68047
9.7438
10.8316
12.073
13.377
14.7896
15.7943
16.9822
17.9925
19.0254
20.0514
21.2336
22.567
23.8544
24.9898
26.1135
27.6108
28.5412
29.5528
30.9356
32.3624
33.3411
34.7279
35.7548
37.4924
38.2917
39.6789
40.7874
41.6344
43.2961
44.8646
45.7591
47.5102
48.081
49.4402
50.7836
52.1398
53.3808
54.3602
55.4799
56.9447
57.7508
59.9668
60.7418
62.2422
63.3558
64.2796
65.5114
67.1368
68.6107
69.2938
70.9435
72.0156
73.5979
74.7419
75.9804
77.648
78.7893
80.0952
81.8172
83.7622
84.9308
86.8077
88.6961
89.9158
89.2123
91.433
93.2228
93.6702
95.2913
96.5176
97.2997
98.604
102.233
102.127
103.911
103.905
105.732
107.466
108.694
109.469
111.911
112.168
115.503
116.343
116.199
117.234
118.232
118.938
120.721
124.66
125.104
