0
1.23105
2.8104
4.47593
6.25713
8.27783
10.6862
11.7456
13.5276
15.9762
17.4417
19.058
22.1289
23.6262
25.3106
27.2496
30.3708
31.5053
34.7142
36.9521
38.613
41.1532
42.5511
43.8502
45.5422
48.4908
50.5922
52.297
54.6018
57.0211
59.3156
61.165
61.7289
66.3208
68.0144
71.965
76.3222
73.3437
76.7914
82.353
83.2556
84.8754
85.7522
88.9082
90.5906
93.616
97.3296
94.6355
100.64
103.513
101.674
103.972
107.61
109.395
111.561
115.342
113.494
119.274
121.359
125.995
125.07
127.073
127.934
135.199
136.927
139.442
140.274
140.992
146.663
147.523
149.901
149.77
156.376
158.105
155.689
163.592
164.215
165.13
165.961
169.747
171.419
179.973
175.358
171.982
179.474
181.374
181.25
190.456
187.938
189.703
199.534
199.662
196.512
206.765
205.495
211.665
211.795
216.672
215.722
222.53
