0.00419922
2.68066
4.12139
4.81411
6.28198
7.6188
9.39282
11.2585
12.9117
15.3652
16.986
19.2296
20.6886
23.2058
25.238
26.4375
28.6006
31.7108
32.2333
35.5008
36.7606
39.3668
40.2
43.7536
44.8
47.4774
50.2
52.3674
54.7704
59.1174
61.4709
66.5259
70.2375
74.2326
79.3268
83.0598
89.2552
93.9
99.297
109.978
118
122.364
132.914
145.072
154.039
159.644
169.003
175.911
187.344
194.022
206.225
214.441
225.035
238.14
248.541
253.279
263.68
277.104
285.014
294.946
307.426
318.011
327.56
341.109
349.059
361.637
369.183
385.136
395.743
406.54
421.101
433.998
447.032
460.382
479.365
