0.00439453
4.81846
6.38164
8.06938
11.3025
14.4484
18.0206
21.4419
24.5174
28.526
32.5544
34.6781
38.9904
42.1114
45.994
50.0375
53.5925
56.4428
62.7044
65.1668
67.9062
72.2422
77.6832
79.9816
82.9084
87.3626
89.1652
93.8888
96.7665
101.342
105.619
110.737
115.88
123.394
124.585
128.056
131.843
137.248
144.818
145.762
154.686
162.564
163.098
167.112
172.503
170.657
180.672
179.439
180.942
179.995
188.593
191.329
201.884
202.49
209.627
212.281
213.537
217.26
224.129
227.127
234.267
234.126
238.255
248.031
248.177
252.859
268.435
263.77
272.736
277.091
273.247
283.29
289.618
289.778
292.225
300.959
305.585
309.38
315.665
322.818
320.117
335.381
336.31
341.429
334.636
330.475
356.278
389
349.997
350.603
352.811
371.792
379.814
383.359
386.362
392.555
399.892
401.379
409.675
402.368
