0.00297852
4.14443
6.35786
7.89146
10.4744
13.8108
16.3488
19.074
22.2928
24.6666
27.7011
30.2712
34.8651
36.4156
39.5485
41.4728
44.2711
47.215
49.6415
51.775
54.2818
56.3292
58.6028
62.8565
67.4284
68.3058
70.2216
73.6024
76.033
79.68
80.4592
83.5632
83.879
89.4567
90.8481
92.9893
98.9561
100.557
98.6982
104.663
107.844
112.476
112.035
114.839
121.302
120.671
121.211
126.38
125.928
130.892
136.239
133.249
133.106
145.351
148.226
143.693
148.736
155.719
159.753
167.852
165.888
161.72
166.782
168.781
168.544
173.908
181.665
181.41
181.402
186.597
192.015
195.549
202.894
202.939
210.481
219.64
215.709
212.247
215.131
221.081
221.161
220.53
226.401
222.33
225.083
226.573
230.049
232.944
238.686
236.486
247.633
246.829
252.073
254.75
259.481
257.989
263.443
266.149
262.649
275.443
