0
1.9854
2.83638
3.16782
4.08872
5.22344
6.41299
7.64937
8.82812
10.1136
11.1193
12.3026
13.6111
14.764
15.9696
17.3155
18.4508
19.9182
21.3496
22.3727
23.7082
25.1578
26.1761
28.0402
29.4203
30.1122
31.338
32.875
34.3432
35.5541
36.8032
37.965
39.6271
40.6988
41.9434
44.1422
45.7737
46.121
47.326
49.2408
50.4606
51.5374
53.4558
55.2676
58.6831
58.4094
58.6242
60.7789
61.257
62.8712
64.4489
65.7702
67.5108
68.1933
70.8199
71.855
72.943
75.0736
76.9704
77.6716
79.0963
80.3658
81.9504
82.5053
84.2625
86.107
88.17
89.2339
90.8067
91.377
93.387
95.2471
95.6542
97.8675
99.3758
99.6722
102.254
103.166
104.678
106.35
108.233
109.053
111.089
112.506
113.953
116.094
117.452
119.283
120.44
121.527
122.882
125.299
127.175
127.784
129.391
130.867
132.665
133.905
135.128
137.505
