0
0.842041
1.84497
2.88477
4.04683
5.052
6.16196
7.40107
8.55073
9.704
10.8032
12.071
13.3683
14.4824
15.7084
16.9004
18.0809
19.4642
20.6648
22.0058
23.3044
24.6084
25.8188
27.4896
28.4563
29.5629
31.048
32.404
33.6129
35.18
36.2394
37.6336
39.1761
40.2396
41.4511
43.213
44.5216
45.6475
46.5774
47.9951
49.334
51.164
51.7904
53.5953
54.691
56.6134
58.6982
59.5059
61.1992
62.0366
63.793
64.9744
66.2061
67.8148
69.2162
70.5915
72.494
73.8258
75.6389
76.1804
77.6154
78.5259
80.1318
80.8314
83.2997
84.7153
86.067
87.2974
88.7684
88.9023
91.709
92.971
93.5046
96.0342
97.3282
98.3232
99.9664
101.563
102.658
104.205
106.168
108.249
108.388
110.072
110.302
112.771
113.436
115.876
116.816
118.288
118.172
121.6
122.966
123.053
124.93
126.006
127.49
129.975
130.466
131.463
