0.000195313
1.97402
2.86201
3.29565
4.06924
5.20801
6.60562
7.66221
8.79678
10.3771
11.628
13.1612
14.3378
15.5388
16.7578
18.0864
19.4448
20.9786
22.4925
23.4984
25.1929
26.3479
28.3745
32.6306
30.8726
32.4342
33.6746
34.7948
36.0726
37.474
38.8226
40.8265
41.4244
43.6695
44.7131
45.7238
47.9002
49.178
50.3189
52.2112
54.1227
54.8244
56.4921
57.9914
59.4271
61.2646
63.7106
64.041
65.3135
67.4076
68.61
70.0692
72.3677
71.3194
74.2807
74.987
77.1196
78.7126
79.7916
80.7062
82.738
85.1664
85.8682
87.7812
90.0229
90.289
93.4832
94.4505
96.3546
97.3676
98.0912
100.871
102.406
104.209
104.921
106.822
108.121
111.003
110.901
113.87
113.927
118.058
118.979
120.841
121.939
123.149
123.603
127.144
127.674
131.461
130.441
133.477
135.907
136.357
139.05
141.268
141.95
144.631
145.041
145.588
