0
0.832031
1.84761
2.852
4.01841
5.06104
6.18501
7.40957
8.59321
9.78906
10.9112
12.1768
13.402
14.5589
15.8028
17.058
18.2671
19.5921
20.6836
22.0656
23.6532
24.8869
26.0359
27.4163
28.689
29.9926
31.339
32.7134
34.0007
35.1354
36.8203
37.9944
38.7226
40.7063
42.953
45.1565
44.4802
45.526
46.816
49.2306
51.0365
52.1118
51.6386
53.455
54.7518
56.6331
57.7736
59.0541
60.8612
61.9764
63.6647
65.3762
65.9633
67.3576
68.7041
70.0726
70.9706
73.2402
75.0028
76.1562
77.4933
78.607
80.3222
80.7892
82.6268
84.4975
85.8605
88.1904
88.5516
89.154
90.975
94.2126
93.356
95.7839
97.4799
98.3121
99.9646
101.909
102.556
103.961
106.095
107.201
108.408
109.923
112.161
113.264
114.546
116.753
117.866
119.129
119.96
122.157
123.925
123.741
126.535
127.24
128.062
130.242
131.217
132.609
