0
0.849951
1.87178
2.9084
4.08887
5.10283
6.27939
7.45503
8.61997
9.79551
10.9125
12.2898
13.5272
14.6958
15.8552
17.1046
18.4768
19.5934
21.0268
22.3452
23.4615
24.7284
26.1796
27.39
28.5642
30.1038
31.3746
32.7828
34.2232
35.375
36.7894
39.1492
39.2671
40.8258
42.1538
43.9693
46.0798
45.8018
46.7367
47.877
49.6602
52.4082
53.0696
53.7201
55.4614
57.0034
58.4873
59.7039
61.1816
62.8933
63.5474
65.9396
66.1813
68.1838
69.5182
71.3834
71.662
74.2304
76.0956
75.9298
78.359
79.2198
80.7824
81.3765
83.1895
85.7885
86.7266
88.8587
89.3846
89.8218
92.2906
94.7266
94.021
96.735
97.6355
99.4922
101.491
102.546
103.404
104.815
106.279
109.069
109.157
110.697
112.433
114.194
115.445
117.562
119.588
122.109
121.168
123.035
125.194
124.955
127.518
128.739
129.917
131.269
132.621
133.081
