0
1.19043
2.60234
4.03687
5.52061
7.10439
8.675
10.36
11.953
13.6367
15.2392
16.8826
18.595
20.2742
22.0161
23.8528
25.4532
27.2358
28.9164
30.7702
32.5014
34.5416
36.1374
38.2424
39.8739
41.5204
43.2623
45.4104
47.4292
49.2304
50.93
52.8158
54.5982
56.353
58.4185
60.3466
62.0734
64.1206
65.8449
67.8026
69.5468
71.5214
73.25
75.2554
76.8779
81.2887
80.6232
82.9428
84.8892
86.929
88.8243
89.9504
92.3803
93.9401
96.464
98.1182
100.181
102.223
103.588
105.92
107.828
110.015
111.643
113.451
115.923
117.157
120.521
121.275
123.152
126.052
127.136
129.658
132.084
135.656
136.161
140.922
139.467
141.188
143.302
145.566
147.977
149.531
151.447
153.897
155.682
158.158
159.66
161.669
163.913
166.181
167.422
169.73
171.932
173.736
176.344
177.671
180.207
181.397
183.501
186.958
