0
0.843799
1.84336
2.88184
4.02852
5.00718
6.11543
7.32432
8.46865
9.64902
10.7794
12.073
13.3591
14.4804
15.598
16.8166
18.0197
19.4432
20.621
21.8821
23.222
24.5043
26.3163
27.435
28.339
29.5988
30.9535
32.353
33.461
34.6674
36.3422
37.2042
38.2608
40.0518
41.3906
43.077
44.2418
45.2452
46.6978
47.8146
49.8193
51.4396
52.0066
53.2468
55.0592
57.1667
57.7611
59.0563
62.0104
62.9542
64.4046
65.9096
66.5824
67.0898
68.5434
69.7563
70.6667
73.2698
74.7745
75.8152
77.4038
78.3846
80.2876
80.6338
82.3711
85.29
87.4224
86.6822
88.3686
88.653
91.3598
92.5847
92.9496
96.0448
96.4617
97.2372
100.216
101.468
102.391
103.677
106.108
106.84
107.988
109.936
110.739
112.509
114.539
116.503
117.494
118.018
119.233
121.982
123.703
124.646
126.108
127.263
128.07
130.655
131.763
132.037
